0
0
0
0
0
0
0
0
0
0
0
0
0
0
0
0
0
000000000000000000000000000000000000000000000000000000000000000000111111111111111111111111111111111
000000000000000000000000000000000000000000000000000000000000000000110101110111011010101010101010101
00000000000000000000000000000000000000000000000000000000000000000010101110111011110111010101010101
000000000000000000000000000000000000000000000000000000000000000000111110111011101111011111111111111
00000000000000000000000000000000000000000000000000000000000000000010101101110111010111010101010101
000000000000000000000000000000000000000000000000000000000000000000111101110111011111011010101010101
000000000000000000000000000000000000000000000000000000000000000000011011101110111010101111111111111
000000000000000000000000000000000000000000000000000000000000000000110110111011101101111010101010101
000000000000000000000000000000000000000000000000000000000000000000111111111111111111011111111111111
0
0
0
0
0
0
0
0
0
0
0
0
0
0
0
0
0
000000000000000000000000000000000000000000000000000000000000000000111111111111111111111111111111111
000000000000000000000000000000000000000000000000000000000000000000110101110111011010101010101010101
00000000000000000000000000000000000000000000000000000000000000000010101110111011110111010101010101
000000000000000000000000000000000000000000000000000000000000000000111110111011101111011111111111111
00000000000000000000000000000000000000000000000000000000000000000010101101110111010111010101010101
000000000000000000000000000000000000000000000000000000000000000000111101110111011111011010101010101
000000000000000000000000000000000000000000000000000000000000000000011011101110111010101111111111111
000000000000000000000000000000000000000000000000000000000000000000110110111011101101111010101010101
000000000000000000000000000000000000000000000000000000000000000000111111111111111111011111111111111
0
0
0
0
0
0
0
0
0
0
0
0
0
0
0
0
0
000000000000000000000000000000000000000000000000000000000000000000111111111111111111111111111111111
000000000000000000000000000000000000000000000000000000000000000000110101110111011010101010101010101
00000000000000000000000000000000000000000000000000000000000000000010101110111011110111010101010101
000000000000000000000000000000000000000000000000000000000000000000111110111011101111011111111111111
00000000000000000000000000000000000000000000000000000000000000000010101101110111010111010101010101
000000000000000000000000000000000000000000000000000000000000000000111101110111011111011010101010101
000000000000000000000000000000000000000000000000000000000000000000011011101110111010101111111111111
000000000000000000000000000000000000000000000000000000000000000000110110111011101101111010101010101
000000000000000000000000000000000000000000000000000000000000000000111111111111111111011111111111111
0
0
0
0
0
0
0
0
0
0
0
0
0
0
0
0
0
000000000000000000000000000000000000000000000000000000000000000000111111111111111111111111111111111
000000000000000000000000000000000000000000000000000000000000000000110101110111011010101010101010101
00000000000000000000000000000000000000000000000000000000000000000010101110111011110111010101010101
000000000000000000000000000000000000000000000000000000000000000000111110111011101111011111111111111
00000000000000000000000000000000000000000000000000000000000000000010101101110111010111010101010101
000000000000000000000000000000000000000000000000000000000000000000111101110111011111011010101010101
000000000000000000000000000000000000000000000000000000000000000000011011101110111010101111111111111
000000000000000000000000000000000000000000000000000000000000000000110110111011101101111010101010101
000000000000000000000000000000000000000000000000000000000000000000111111111111111111011111111111111
0
0
0
0
0
0
0
0
0
0
0
0
0
0
0
0
0
000000000000000000000000000000000000000000000000000000000000000000111111111111111111111111111111111
000000000000000000000000000000000000000000000000000000000000000000110101110111011010101010101010101
00000000000000000000000000000000000000000000000000000000000000000010101110111011110111010101010101
000000000000000000000000000000000000000000000000000000000000000000111110111011101111011111111111111
00000000000000000000000000000000000000000000000000000000000000000010101101110111010111010101010101
000000000000000000000000000000000000000000000000000000000000000000111101110111011111011010101010101
000000000000000000000000000000000000000000000000000000000000000000011011101110111010101111111111111
000000000000000000000000000000000000000000000000000000000000000000110110111011101101111010101010101
000000000000000000000000000000000000000000000000000000000000000000111111111111111111011111111111111
0
0
0
0
0
0
0
0
0
0
0
0
0
0
0
0
0
000000000000000000000000000000000000000000000000000000000000000000111111111111111111111111111111111
000000000000000000000000000000000000000000000000000000000000000000110101110111011010101010101010101
00000000000000000000000000000000000000000000000000000000000000000010101110111011110111010101010101
000000000000000000000000000000000000000000000000000000000000000000111110111011101111011111111111111
00000000000000000000000000000000000000000000000000000000000000000010101101110111010111010101010101
000000000000000000000000000000000000000000000000000000000000000000111101110111011111011010101010101
000000000000000000000000000000000000000000000000000000000000000000011011101110111010101111111111111
000000000000000000000000000000000000000000000000000000000000000000110110111011101101111010101010101
000000000000000000000000000000000000000000000000000000000000000000111111111111111111011111111111111