0
0
0
0
0
0
0
000000000000011000011000011000011000000000000000000000000000000011000011000011000011000000000000000000000000000000011000011000011000011000000000000000000
000000000000100100011000100100011000000000000000000000000000000100100011000100100011000000000000000000000000000000100100011000100100011000000000000000000
000000000000100100000000100100000000000000000000000000000000000100100000000100100000000000000000000000000000000000100100000000100100000000000000000000000
000000000110111101111110111101111110000000000000000000000000110111101111110111101111110000000000000000000000000110111101111110111101111110000000000000000
000000000101000010000001000010000001000000000000000000000000101000010000001000010000001000000000000000000000000101000010000001000010000001000000000000000
000000000001001001001001001001001001000000000000000000000000001001001001001001001001001000000000000000000000000001001001001001001001001001000000000000000
000000000001110110011101110110011101100000000000000000000000001110110011101110110011101100000000000000000000000001110110011101110110011101100000000000000
000000000110011001110110011001110110010000000000000000000000110011001110110011001110110010000000000000000000000110011001110110011001110110010000000000000
000000001000100010001000100010001000101000000000000000000001000100010001000100010001000101000000000000000000001000100010001000100010001000101000000000000
000110010100010001000100010001000100010100000000000000110010100010001000100010001000100010100000000000000110010100010001000100010001000100010100000000000
000100011101110111011101110111011101100111000000000000100011101110111011101110111011101100111000000000000100011101110111011101110111011101100111000000000
000011100110111011101110111011101110111000100000000000011100110111011101110111011101110111000100000000000011100110111011101110111011101110111000100000000
011100001000100010001000100010001000100010100000000011100001000100010001000100010001000100010100000000011100001000100010001000100010001000100010100000000
100101000100010001000100010001000100010010101100000100101000100010001000100010001000100010010101100000100101000100010001000100010001000100010010101100000
100101011101110111011101110111011101110010101100000100101011101110111011101110111011101110010101100000100101011101110111011101110111011101110010101100000
011100100110111011101110111011101110101000100000000011100100110111011101110111011101110101000100000000011100100110111011101110111011101110101000100000000
000010101000100010001000100010001000101010100000000000010101000100010001000100010001000101010100000000000010101000100010001000100010001000101010100000000
000101010100010001000100010001000100010101000000000000101010100010001000100010001000100010101000000000000101010100010001000100010001000100010101000000000
000100010101110111011101110111011101100100111000000000100010101110111011101110111011101100100111000000000100010101110111011101110111011101100100111000000
110101001110111011101110111011101110111010100100000110101001110111011101110111011101110111010100100000110101001110111011101110111011101110111010100100000
110101001000100010001000100010001000100010100100000110101001000100010001000100010001000100010100100000110101001000100010001000100010001000100010100100000
000101000100010001000100010001000100010000111000000000101000100010001000100010001000100010000111000000000101000100010001000100010001000100010000111000000
000100011101110111011101110111011101100111000000000000100011101110111011101110111011101100111000000000000100011101110111011101110111011101100111000000000
000011100110111011101110111011101110111000100000000000011100110111011101110111011101110111000100000000000011100110111011101110111011101110111000100000000
011100001000100010001000100010001000100010100000000011100001000100010001000100010001000100010100000000011100001000100010001000100010001000100010100000000
100101000100010001000100010001000100010010101100000100101000100010001000100010001000100010010101100000100101000100010001000100010001000100010010101100000
100101011101110111011101110111011101110010101100000100101011101110111011101110111011101110010101100000100101011101110111011101110111011101110010101100000
011100100110111011101110111011101110101000100000000011100100110111011101110111011101110101000100000000011100100110111011101110111011101110101000100000000
000010101000100010001000100010001000101010100000000000010101000100010001000100010001000101010100000000000010101000100010001000100010001000101010100000000
000101010100010001000100010001000100010101000000000000101010100010001000100010001000100010101000000000000101010100010001000100010001000100010101000000000
000100010101110111011101110111011101100100111000000000100010101110111011101110111011101100100111000000000100010101110111011101110111011101100100111000000
110101001110111011101110111011101110111010100100000110101001110111011101110111011101110111010100100000110101001110111011101110111011101110111010100100000
110101001000100010001000100010001000100010100100000110101001000100010001000100010001000100010100100000110101001000100010001000100010001000100010100100000
000101000100010001000100010001000100010000111000000000101000100010001000100010001000100010000111000000000101000100010001000100010001000100010000111000000
000100011101110111011101110111011101100111000000000000100011101110111011101110111011101100111000000000000100011101110111011101110111011101100111000000000
000011100110111011101110111011101110111000100000000000011100110111011101110111011101110111000100000000000011100110111011101110111011101110111000100000000
000000101000100010001000100010001000101001100000000000000101000100010001000100010001000101001100000000000000101000100010001000100010001000101001100000000
000000010100010001000100010001000100010000000000000000000010100010001000100010001000100010000000000000000000010100010001000100010001000100010000000000000
000000001001101110011001101110011001100000000000000000000001001101110011001101110011001100000000000000000000001001101110011001101110011001100000000000000
000000000110111001101110111001101110000000000000000000000000110111001101110111001101110000000000000000000000000110111001101110111001101110000000000000000
000000000010010010010010010010010010000000000000000000000000010010010010010010010010010000000000000000000000000010010010010010010010010010000000000000000
000000000010000001000010000001000010100000000000000000000000010000001000010000001000010100000000000000000000000010000001000010000001000010100000000000000
000000000001111110111101111110111101100000000000000000000000001111110111101111110111101100000000000000000000000001111110111101111110111101100000000000000
000000000000000000100100000000100100000000000000000000000000000000000100100000000100100000000000000000000000000000000000100100000000100100000000000000000
000000000000011000100100011000100100000000000000000000000000000011000100100011000100100000000000000000000000000000011000100100011000100100000000000000000
000000000000011000011000011000011000000000000000000000000000000011000011000011000011000000000000000000000000000000011000011000011000011000000000000000000
0
0
0
0
000000000000011000011000011000011000000000000000000000000000000011000011000011000011000000000000000000000000000000011000011000011000011000000000000000000
000000000000100100011000100100011000000000000000000000000000000100100011000100100011000000000000000000000000000000100100011000100100011000000000000000000
000000000000100100000000100100000000000000000000000000000000000100100000000100100000000000000000000000000000000000100100000000100100000000000000000000000
000000000110111101111110111101111110000000000000000000000000110111101111110111101111110000000000000000000000000110111101111110111101111110000000000000000
000000000101000010000001000010000001000000000000000000000000101000010000001000010000001000000000000000000000000101000010000001000010000001000000000000000
000000000001001001001001001001001001000000000000000000000000001001001001001001001001001000000000000000000000000001001001001001001001001001000000000000000
000000000001110110011101110110011101100000000000000000000000001110110011101110110011101100000000000000000000000001110110011101110110011101100000000000000
000000000110011001110110011001110110010000000000000000000000110011001110110011001110110010000000000000000000000110011001110110011001110110010000000000000
000000001000100010001000100010001000101000000000000000000001000100010001000100010001000101000000000000000000001000100010001000100010001000101000000000000
000110010100010001000100010001000100010100000000000000110010100010001000100010001000100010100000000000000110010100010001000100010001000100010100000000000
000100011101110111011101110111011101100111000000000000100011101110111011101110111011101100111000000000000100011101110111011101110111011101100111000000000
000011100110111011101110111011101110111000100000000000011100110111011101110111011101110111000100000000000011100110111011101110111011101110111000100000000
011100001000100010001000100010001000100010100000000011100001000100010001000100010001000100010100000000011100001000100010001000100010001000100010100000000
100101000100010001000100010001000100010010101100000100101000100010001000100010001000100010010101100000100101000100010001000100010001000100010010101100000
100101011101110111011101110111011101110010101100000100101011101110111011101110111011101110010101100000100101011101110111011101110111011101110010101100000
011100100110111011101110111011101110101000100000000011100100110111011101110111011101110101000100000000011100100110111011101110111011101110101000100000000
000010101000100010001000100010001000101010100000000000010101000100010001000100010001000101010100000000000010101000100010001000100010001000101010100000000
000101010100010001000100010001000100010101000000000000101010100010001000100010001000100010101000000000000101010100010001000100010001000100010101000000000
000100010101110111011101110111011101100100111000000000100010101110111011101110111011101100100111000000000100010101110111011101110111011101100100111000000
110101001110111011101110111011101110111010100100000110101001110111011101110111011101110111010100100000110101001110111011101110111011101110111010100100000
110101001000100010001000100010001000100010100100000110101001000100010001000100010001000100010100100000110101001000100010001000100010001000100010100100000
000101000100010001000100010001000100010000111000000000101000100010001000100010001000100010000111000000000101000100010001000100010001000100010000111000000
000100011101110111011101110111011101100111000000000000100011101110111011101110111011101100111000000000000100011101110111011101110111011101100111000000000
000011100110111011101110111011101110111000100000000000011100110111011101110111011101110111000100000000000011100110111011101110111011101110111000100000000
011100001000100010001000100010001000100010100000000011100001000100010001000100010001000100010100000000011100001000100010001000100010001000100010100000000
100101000100010001000100010001000100010010101100000100101000100010001000100010001000100010010101100000100101000100010001000100010001000100010010101100000
100101011101110111011101110111011101110010101100000100101011101110111011101110111011101110010101100000100101011101110111011101110111011101110010101100000
011100100110111011101110111011101110101000100000000011100100110111011101110111011101110101000100000000011100100110111011101110111011101110101000100000000
000010101000100010001000100010001000101010100000000000010101000100010001000100010001000101010100000000000010101000100010001000100010001000101010100000000
000101010100010001000100010001000100010101000000000000101010100010001000100010001000100010101000000000000101010100010001000100010001000100010101000000000
000100010101110111011101110111011101100100111000000000100010101110111011101110111011101100100111000000000100010101110111011101110111011101100100111000000
110101001110111011101110111011101110111010100100000110101001110111011101110111011101110111010100100000110101001110111011101110111011101110111010100100000
110101001000100010001000100010001000100010100100000110101001000100010001000100010001000100010100100000110101001000100010001000100010001000100010100100000
000101000100010001000100010001000100010000111000000000101000100010001000100010001000100010000111000000000101000100010001000100010001000100010000111000000
000100011101110111011101110111011101100111000000000000100011101110111011101110111011101100111000000000000100011101110111011101110111011101100111000000000
000011100110111011101110111011101110111000100000000000011100110111011101110111011101110111000100000000000011100110111011101110111011101110111000100000000
000000101000100010001000100010001000101001100000000000000101000100010001000100010001000101001100000000000000101000100010001000100010001000101001100000000
000000010100010001000100010001000100010000000000000000000010100010001000100010001000100010000000000000000000010100010001000100010001000100010000000000000
000000001001101110011001101110011001100000000000000000000001001101110011001101110011001100000000000000000000001001101110011001101110011001100000000000000
000000000110111001101110111001101110000000000000000000000000110111001101110111001101110000000000000000000000000110111001101110111001101110000000000000000
000000000010010010010010010010010010000000000000000000000000010010010010010010010010010000000000000000000000000010010010010010010010010010000000000000000
000000000010000001000010000001000010100000000000000000000000010000001000010000001000010100000000000000000000000010000001000010000001000010100000000000000
000000000001111110111101111110111101100000000000000000000000001111110111101111110111101100000000000000000000000001111110111101111110111101100000000000000
000000000000000000100100000000100100000000000000000000000000000000000100100000000100100000000000000000000000000000000000100100000000100100000000000000000
000000000000011000100100011000100100000000000000000000000000000011000100100011000100100000000000000000000000000000011000100100011000100100000000000000000
000000000000011000011000011000011000000000000000000000000000000011000011000011000011000000000000000000000000000000011000011000011000011000000000000000000
0
0
0
0
000000000000011000011000011000011000000000000000000000000000000011000011000011000011000000000000000000000000000000011000011000011000011000000000000000000
000000000000100100011000100100011000000000000000000000000000000100100011000100100011000000000000000000000000000000100100011000100100011000000000000000000
000000000000100100000000100100000000000000000000000000000000000100100000000100100000000000000000000000000000000000100100000000100100000000000000000000000
000000000110111101111110111101111110000000000000000000000000110111101111110111101111110000000000000000000000000110111101111110111101111110000000000000000
000000000101000010000001000010000001000000000000000000000000101000010000001000010000001000000000000000000000000101000010000001000010000001000000000000000
000000000001001001001001001001001001000000000000000000000000001001001001001001001001001000000000000000000000000001001001001001001001001001000000000000000
000000000001110110011101110110011101100000000000000000000000001110110011101110110011101100000000000000000000000001110110011101110110011101100000000000000
000000000110011001110110011001110110010000000000000000000000110011001110110011001110110010000000000000000000000110011001110110011001110110010000000000000
000000001000100010001000100010001000101000000000000000000001000100010001000100010001000101000000000000000000001000100010001000100010001000101000000000000
000110010100010001000100010001000100010100000000000000110010100010001000100010001000100010100000000000000110010100010001000100010001000100010100000000000
000100011101110111011101110111011101100111000000000000100011101110111011101110111011101100111000000000000100011101110111011101110111011101100111000000000
000011100110111011101110111011101110111000100000000000011100110111011101110111011101110111000100000000000011100110111011101110111011101110111000100000000
011100001000100010001000100010001000100010100000000011100001000100010001000100010001000100010100000000011100001000100010001000100010001000100010100000000
100101000100010001000100010001000100010010101100000100101000100010001000100010001000100010010101100000100101000100010001000100010001000100010010101100000
100101011101110111011101110111011101110010101100000100101011101110111011101110111011101110010101100000100101011101110111011101110111011101110010101100000
011100100110111011101110111011101110101000100000000011100100110111011101110111011101110101000100000000011100100110111011101110111011101110101000100000000
000010101000100010001000100010001000101010100000000000010101000100010001000100010001000101010100000000000010101000100010001000100010001000101010100000000
000101010100010001000100010001000100010101000000000000101010100010001000100010001000100010101000000000000101010100010001000100010001000100010101000000000
000100010101110111011101110111011101100100111000000000100010101110111011101110111011101100100111000000000100010101110111011101110111011101100100111000000
110101001110111011101110111011101110111010100100000110101001110111011101110111011101110111010100100000110101001110111011101110111011101110111010100100000
110101001000100010001000100010001000100010100100000110101001000100010001000100010001000100010100100000110101001000100010001000100010001000100010100100000
000101000100010001000100010001000100010000111000000000101000100010001000100010001000100010000111000000000101000100010001000100010001000100010000111000000
000100011101110111011101110111011101100111000000000000100011101110111011101110111011101100111000000000000100011101110111011101110111011101100111000000000
000011100110111011101110111011101110111000100000000000011100110111011101110111011101110111000100000000000011100110111011101110111011101110111000100000000
011100001000100010001000100010001000100010100000000011100001000100010001000100010001000100010100000000011100001000100010001000100010001000100010100000000
100101000100010001000100010001000100010010101100000100101000100010001000100010001000100010010101100000100101000100010001000100010001000100010010101100000
100101011101110111011101110111011101110010101100000100101011101110111011101110111011101110010101100000100101011101110111011101110111011101110010101100000
011100100110111011101110111011101110101000100000000011100100110111011101110111011101110101000100000000011100100110111011101110111011101110101000100000000
000010101000100010001000100010001000101010100000000000010101000100010001000100010001000101010100000000000010101000100010001000100010001000101010100000000
000101010100010001000100010001000100010101000000000000101010100010001000100010001000100010101000000000000101010100010001000100010001000100010101000000000
000100010101110111011101110111011101100100111000000000100010101110111011101110111011101100100111000000000100010101110111011101110111011101100100111000000
110101001110111011101110111011101110111010100100000110101001110111011101110111011101110111010100100000110101001110111011101110111011101110111010100100000
110101001000100010001000100010001000100010100100000110101001000100010001000100010001000100010100100000110101001000100010001000100010001000100010100100000
000101000100010001000100010001000100010000111000000000101000100010001000100010001000100010000111000000000101000100010001000100010001000100010000111000000
000100011101110111011101110111011101100111000000000000100011101110111011101110111011101100111000000000000100011101110111011101110111011101100111000000000
000011100110111011101110111011101110111000100000000000011100110111011101110111011101110111000100000000000011100110111011101110111011101110111000100000000
000000101000100010001000100010001000101001100000000000000101000100010001000100010001000101001100000000000000101000100010001000100010001000101001100000000
000000010100010001000100010001000100010000000000000000000010100010001000100010001000100010000000000000000000010100010001000100010001000100010000000000000
000000001001101110011001101110011001100000000000000000000001001101110011001101110011001100000000000000000000001001101110011001101110011001100000000000000
000000000110111001101110111001101110000000000000000000000000110111001101110111001101110000000000000000000000000110111001101110111001101110000000000000000
000000000010010010010010010010010010000000000000000000000000010010010010010010010010010000000000000000000000000010010010010010010010010010000000000000000
000000000010000001000010000001000010100000000000000000000000010000001000010000001000010100000000000000000000000010000001000010000001000010100000000000000
000000000001111110111101111110111101100000000000000000000000001111110111101111110111101100000000000000000000000001111110111101111110111101100000000000000
000000000000000000100100000000100100000000000000000000000000000000000100100000000100100000000000000000000000000000000000100100000000100100000000000000000
000000000000011000100100011000100100000000000000000000000000000011000100100011000100100000000000000000000000000000011000100100011000100100000000000000000
000000000000011000011000011000011000000000000000000000000000000011000011000011000011000000000000000000000000000000011000011000011000011000000000000000000

