0
0
0
0
0
0
0
0
0
0
0
0
0
0
0
0
0
0
0
0
0
0
0
0
0
0
0
0
0
0
0
0
0
0
0
0000000000000000000000000000000000000000000000000000000000000000000000000000000101101100000010000001101101
0000000000000000000000000000000000000000000000000000000000000000000000000000000110101000110101011000101011
0000000000000000000000000000000000000000000000000000000000000000000000000000000000100010010101010010001
0000000000000000000000000000000000000000000000000000000000000000000000000000000000100111000101000111001
00000000000000000000000000000000000000000000000000000000000000000000000000000000011010000010101000001011
00000000000000000000000000000000000000000000000000000000000000000000000000000000000010011010001011001
00000000000000000000000000000000000000000000000000000000000000000000000000000000011001110011011001110011
000000000000000000000000000000000000000000000000000000000000000000000000000001101011000110111110110001101011
000000000000000000000000000000000000000000000000000000000000011011000110000001101100001000000000001000011011
000000000000000000000000000000000000000000000000000000000000001010001010000000001001101010000000101011001
000000000000000000000000000000000000000000000000000000000000001001001000000001100111001101111111011001110011
0000000000000000000000000000000000000000000000000000000000000001010100100110101100011011111111111110110001101011
0000000000000000000000000000000000000000000000000000000000000000101101100110110000100000000000000000001000011011
0000000000000000000000000000000000000000000000000000000000000000001100000000100110101000000000000000101011001
0000000000000000000000000000000000000000000000000000000000000000010000000110011100110111111111111111011001110011
00000000000000000000000000000000000000000000000000000000000000011101011010110001101111111111111111111110110001101011
00000000000000000000000000000000000000000000000000000000000000100011101011000010000000000000000000000000001000011011
00000000000000000000000000000000000000000000000000000000000000111000100010011010100000000000000000000000101011001
00000000000000000000000000000000000000000000000000000000000000000110001001110011011111111111111111111111011001110011
0000000000000000000000000000000000000000000000000000000000000000100101110001101111111111111111111111111111101100011010110011
0000000000000000000000000000000000000000000000000000000000000000101101000010000000000000000000000000000000000010000110110001001
00000000000000000000000000000000000000000000000000000000000000000110110110101000000000000000000000000000000010101100100000010101
000000000000000000000000000000000000000000000000000000000000000000000011001101111111111111111111111111111111011001110011001101001
000000000000000000000000000000000000000000000000000000000000000001100101101111111111111111111111111111111111111011000110100001101
000000000000000000000000000000000000000000000000000000000000000001001010000000000000000000000000000000000000000000100001101100011011
000000000000000000000000000000000000000000000000000000000000000000011010100000000000000000000000000000000000000010101100101011000101
0000000000000000000000000000000000000000000000000000000000000000000000010111111111111111111111111111111111111111011001110010101101
0000000000000000000000000000000000000000000000000000000000000000000000110111111111111111111111111111111111111111111011000111100101
00000000000000000000000000000000000000000000000000000000000000000101101010000000000000000000000000000000000000000000001000000010011
000000000000000000000000000000000000000000000000000000000000000001101010000000000000000000000000000000000000000000001010110000101001
00000000000000000000000000000000000000000000000000000000000000000000000011111111111111111111111111111111111111111111011001111100101
0000000000000000000000000000000000000000000000000000000000000000000000100011111111111111111111111111111111111111111111101110011101
00000000000000000000000000000000000000000000000000000000000000000000000000000000000000000000000000000000000000000000000000100101
0000000000000000000000000000000000000000000000000000000000000000000001010100000000000000000000000000000000000000000000001010010101
0000000000000000000000000000000000000000000000000000000000000000011010001011111111111111111111111111111111111111111111110110100011
000000000000000000000000000000000000000000000000000000000000000001011010111111111111111111111111111111111111111111111111111
0000000000000000000000000000000000000000000000000000000000000000000001010000001
0000000000000000000000000000000000000000000000000000000000000000000001010000001
000000000000000000000000000000000000000000000000000000000000000001011010111111111111111111111111111111111111111111111111111
0000000000000000000000000000000000000000000000000000000000000000011010001011111111111111111111111111111111111111111111110110100011
0000000000000000000000000000000000000000000000000000000000000000000001010100000000000000000000000000000000000000000000001010010101
00000000000000000000000000000000000000000000000000000000000000000000000000000000000000000000000000000000000000000000000000100101
0000000000000000000000000000000000000000000000000000000000000000000000100011111111111111111111111111111111111111111111101110011101
00000000000000000000000000000000000000000000000000000000000000000000000011111111111111111111111111111111111111111111011001111100101
000000000000000000000000000000000000000000000000000000000000000001101010000000000000000000000000000000000000000000001010110000101001
00000000000000000000000000000000000000000000000000000000000000000101101010000000000000000000000000000000000000000000001000000010011
0000000000000000000000000000000000000000000000000000000000000000000000110111111111111111111111111111111111111111111011000111100101
0000000000000000000000000000000000000000000000000000000000000000000000010111111111111111111111111111111111111111011001110010101101
000000000000000000000000000000000000000000000000000000000000000000011010100000000000000000000000000000000000000010101100101011000101
000000000000000000000000000000000000000000000000000000000000000001001010000000000000000000000000000000000000000000100001101100011011
000000000000000000000000000000000000000000000000000000000000000001100101101111111111111111111111111111111111111011000110100001101
000000000000000000000000000000000000000000000000000000000000000000000011001101111111111111111111111111111111011001110011001101001
00000000000000000000000000000000000000000000000000000000000000000110110110101000000000000000000000000000000010101100100000010101
0000000000000000000000000000000000000000000000000000000000000000101101000010000000000000000000000000000000000010000110110001001
0000000000000000000000000000000000000000000000000000000000000000100101110001101111111111111111111111111111101100011010110011
00000000000000000000000000000000000000000000000000000000000000000110001001110011011111111111111111111111011001110011
00000000000000000000000000000000000000000000000000000000000000111000100010011010100000000000000000000000101011001
00000000000000000000000000000000000000000000000000000000000000100011101011000010000000000000000000000000001000011011
00000000000000000000000000000000000000000000000000000000000000011101011010110001101111111111111111111110110001101011
0000000000000000000000000000000000000000000000000000000000000000010000000110011100110111111111111111011001110011
0000000000000000000000000000000000000000000000000000000000000000001100000000100110101000000000000000101011001
0000000000000000000000000000000000000000000000000000000000000000101101100110110000100000000000000000001000011011
0000000000000000000000000000000000000000000000000000000000000001010100100110101100011011111111111110110001101011
000000000000000000000000000000000000000000000000000000000000001001001000000001100111001101111111011001110011
000000000000000000000000000000000000000000000000000000000000001010001010000000001001101010000000101011001
000000000000000000000000000000000000000000000000000000000000011011000110000001101100001000000000001000011011
000000000000000000000000000000000000000000000000000000000000000000000000000001101011000110111110110001101011
00000000000000000000000000000000000000000000000000000000000000000000000000000000011001110011011001110011
00000000000000000000000000000000000000000000000000000000000000000000000000000000000010011010001011001
00000000000000000000000000000000000000000000000000000000000000000000000000000000011010000010101000001011
0000000000000000000000000000000000000000000000000000000000000000000000000000000000100111000101000111001
0000000000000000000000000000000000000000000000000000000000000000000000000000000000100010010101010010001
0000000000000000000000000000000000000000000000000000000000000000000000000000000110101000110101011000101011
0000000000000000000000000000000000000000000000000000000000000000000000000000000101101100000010000001101101